Geo_GEOID,Origin_Native_Born,Origin_Foreign_Born,Origin_Foreign_Origin_Naturalized_Citizen,Origin_Foreign_Origin_Not_a_Citizen
14000US36005000100,5761,1103,231,872
14000US36005000200,3210,1322,616,706
14000US36005000400,4623,893,657,236
14000US36005001600,4082,1743,996,747
14000US36005001900,2364,777,520,257
14000US36005002000,7154,1886,1240,646
14000US36005002300,3331,971,440,531
14000US36005002400,65,90,0,90
14000US36005002500,3612,1998,654,1344
14000US36005002701,2143,465,161,304
14000US36005002702,3423,1137,631,506
14000US36005002800,4469,682,278,404
14000US36005003100,1121,568,358,210
14000US36005003300,2402,875,533,342
14000US36005003500,2870,1037,657,380
14000US36005003700,157,93,69,24
14000US36005003800,1074,276,132,144
14000US36005003900,4017,2243,481,1762
14000US36005004001,968,507,300,207
14000US36005004100,3833,2109,1255,854
14000US36005004200,6557,1140,565,575
14000US36005004300,4251,1301,570,731
14000US36005004400,3662,739,467,272
14000US36005004600,1456,505,165,340
14000US36005004800,2700,1863,487,1376
14000US36005005001,2659,1945,513,1432
14000US36005005002,3132,2460,463,1997
14000US36005005100,4369,1368,710,658
14000US36005005200,1355,601,147,454
14000US36005005300,4074,814,276,538
14000US36005005400,2822,2502,1163,1339
14000US36005005600,1343,936,422,514
14000US36005005902,1635,1116,566,550
14000US36005006000,856,530,270,260
14000US36005006100,3118,602,515,87
14000US36005006200,4789,2444,945,1499
14000US36005006300,2604,1978,1009,969
14000US36005006400,1924,2008,1115,893
14000US36005006500,3654,1723,372,1351
14000US36005006700,4377,2328,1053,1275
14000US36005006800,1943,1287,618,669
14000US36005006900,5503,2298,1488,810
14000US36005007000,2438,1940,1042,898
14000US36005007100,1971,824,504,320
14000US36005007200,2909,3346,1678,1668
14000US36005007300,2902,1395,493,902
14000US36005007400,3093,541,405,136
14000US36005007500,5515,1177,645,532
14000US36005007600,2778,2533,1142,1391
14000US36005007700,1130,892,417,475
14000US36005007800,4366,3049,1644,1405
14000US36005007900,5103,2085,1006,1079
14000US36005008300,4372,2341,772,1569
14000US36005008400,2147,752,582,170
14000US36005008500,3903,1728,923,805
14000US36005008600,2981,955,436,519
14000US36005008700,4102,2025,841,1184
14000US36005008900,2276,942,441,501
14000US36005009000,2816,643,306,337
14000US36005009200,3792,2056,1278,778
14000US36005009300,3790,2364,564,1800
14000US36005009600,2033,759,464,295
14000US36005009800,3468,1288,944,344
14000US36005011000,0,0,0,0
14000US36005011502,3013,1569,574,995
14000US36005011700,1068,375,167,208
14000US36005011800,4849,654,452,202
14000US36005011900,3430,2010,652,1358
14000US36005012101,2000,1070,392,678
14000US36005012102,1131,316,233,83
14000US36005012300,3035,1233,909,324
14000US36005012500,2260,1600,742,858
14000US36005012701,1303,625,377,248
14000US36005012901,3240,1179,454,725
14000US36005013000,1329,147,100,47
14000US36005013100,3417,1667,722,945
14000US36005013200,6464,808,447,361
14000US36005013300,4469,1531,899,632
14000US36005013500,2548,1042,558,484
14000US36005013800,2267,321,194,127
14000US36005014100,3816,2035,874,1161
14000US36005014300,908,574,328,246
14000US36005014400,4218,920,641,279
14000US36005014500,5565,1871,928,943
14000US36005014701,5815,1188,543,645
14000US36005014702,3924,1511,770,741
14000US36005014900,2550,1869,819,1050
14000US36005015100,2882,2427,1129,1298
14000US36005015200,2030,451,301,150
14000US36005015300,3124,1350,768,582
14000US36005015500,1684,1243,588,655
14000US36005015700,2985,1719,1042,677
14000US36005015800,990,324,206,118
14000US36005015900,1385,584,289,295
14000US36005016000,3132,534,311,223
14000US36005016100,3131,1519,791,728
14000US36005016200,1610,260,144,116
14000US36005016300,0,0,0,0
14000US36005016400,928,118,92,26
14000US36005016500,608,357,135,222
14000US36005016600,1817,427,286,141
14000US36005016700,2689,1006,523,483
14000US36005016900,1141,492,278,214
14000US36005017100,0,0,0,0
14000US36005017300,3602,2144,1228,916
14000US36005017500,3314,3222,1555,1667
14000US36005017701,3093,1557,706,851
14000US36005017702,3111,2312,1118,1194
14000US36005017901,2900,1931,1089,842
14000US36005017902,2398,1634,749,885
14000US36005018101,2036,1315,608,707
14000US36005018102,2792,2502,871,1631
14000US36005018301,2704,1616,952,664
14000US36005018302,1961,1863,477,1386
14000US36005018400,2959,834,622,212
14000US36005018500,6443,2558,1288,1270
14000US36005018900,5440,2770,1387,1383
14000US36005019300,4340,2010,913,1097
14000US36005019400,1965,410,235,175
14000US36005019500,4053,3007,1431,1576
14000US36005019700,3177,4384,1436,2948
14000US36005019900,4703,3635,1711,1924
14000US36005020000,2401,2310,1230,1080
14000US36005020100,2100,1893,1056,837
14000US36005020200,1524,861,421,440
14000US36005020400,1896,1115,571,544
14000US36005020501,4357,2619,1448,1171
14000US36005020502,1233,927,564,363
14000US36005020601,1341,896,516,380
14000US36005020900,2625,1662,800,862
14000US36005021001,6349,2581,1729,852
14000US36005021002,5457,2156,1305,851
14000US36005021100,3054,2289,1076,1213
14000US36005021200,3161,1689,1266,423
14000US36005021301,823,444,223,221
14000US36005021302,2919,2594,1165,1429
14000US36005021501,2591,1974,1000,974
14000US36005021502,3819,2713,1526,1187
14000US36005021601,3106,1614,719,895
14000US36005021602,3856,1776,964,812
14000US36005021700,2735,2389,1256,1133
14000US36005021800,3527,2993,1214,1779
14000US36005021900,398,484,268,216
14000US36005022000,1338,669,169,500
14000US36005022101,2148,1985,574,1411
14000US36005022102,3079,2332,926,1406
14000US36005022200,1930,1363,516,847
14000US36005022300,3052,2226,905,1321
14000US36005022401,1827,671,197,474
14000US36005022403,2211,983,347,636
14000US36005022404,2851,1352,659,693
14000US36005022500,3766,4733,1287,3446
14000US36005022701,3147,2004,911,1093
14000US36005022702,850,757,387,370
14000US36005022703,662,1026,292,734
14000US36005022800,4282,1846,902,944
14000US36005022901,3176,2567,1301,1266
14000US36005022902,1843,1771,724,1047
14000US36005023000,2105,697,355,342
14000US36005023100,871,666,307,359
14000US36005023200,1695,781,269,512
14000US36005023301,2209,1747,662,1085
14000US36005023302,1881,1825,740,1085
14000US36005023501,1485,1699,746,953
14000US36005023502,1910,2243,1002,1241
14000US36005023600,1234,582,242,340
14000US36005023702,745,435,189,246
14000US36005023703,3489,2085,608,1477
14000US36005023704,2149,1654,565,1089
14000US36005023800,1599,642,301,341
14000US36005023900,3855,4018,1475,2543
14000US36005024000,2447,1456,576,880
14000US36005024100,3686,2935,1303,1632
14000US36005024300,3704,2033,1009,1024
14000US36005024400,1645,501,154,347
14000US36005024501,2508,2363,911,1452
14000US36005024502,2190,1487,366,1121
14000US36005024600,1501,510,238,272
14000US36005024700,1009,1049,449,600
14000US36005024800,2074,1004,610,394
14000US36005024900,0,0,0,0
14000US36005025000,1903,688,360,328
14000US36005025100,3752,3608,1125,2483
14000US36005025200,1988,799,385,414
14000US36005025300,3183,3016,1260,1756
14000US36005025400,1548,449,256,193
14000US36005025500,3098,4576,2138,2438
14000US36005025600,1399,297,143,154
14000US36005025700,1060,939,485,454
14000US36005026100,1557,540,439,101
14000US36005026300,3805,2413,1381,1032
14000US36005026400,3277,1591,1114,477
14000US36005026500,3942,3909,1918,1991
14000US36005026601,3027,425,290,135
14000US36005026602,3955,1129,894,235
14000US36005026701,2136,2049,709,1340
14000US36005026702,4197,3698,1752,1946
14000US36005026900,2285,1418,736,682
14000US36005027300,4067,3711,1973,1738
14000US36005027401,3721,972,742,230
14000US36005027402,2967,514,401,113
14000US36005027600,24,0,0,0
14000US36005027700,2633,2027,1044,983
14000US36005027900,4906,2473,1712,761
14000US36005028100,2678,1276,1071,205
14000US36005028300,1960,529,356,173
14000US36005028400,489,65,39,26
14000US36005028500,2165,1358,700,658
14000US36005028600,806,279,179,100
14000US36005028700,1726,1427,749,678
14000US36005028800,2402,928,279,649
14000US36005028900,2840,1967,960,1007
14000US36005029301,1409,397,311,86
14000US36005029302,4489,1080,704,376
14000US36005029500,3437,1127,942,185
14000US36005029600,1011,564,210,354
14000US36005029700,2941,858,741,117
14000US36005030000,4587,1434,892,542
14000US36005030100,1185,228,220,8
14000US36005030200,5843,2861,1803,1058
14000US36005030701,4465,1261,926,335
14000US36005030900,2917,792,459,333
14000US36005031000,3311,1442,1027,415
14000US36005031200,1042,636,513,123
14000US36005031400,1343,736,518,218
14000US36005031600,1275,625,480,145
14000US36005031800,1402,777,661,116
14000US36005031900,606,27,0,27
14000US36005032300,3452,1123,693,430
14000US36005032400,1932,1245,459,786
14000US36005032600,2030,1377,884,493
14000US36005032800,2601,1238,524,714
14000US36005033000,3157,2619,1578,1041
14000US36005033201,3793,1771,629,1142
14000US36005033202,3202,831,464,367
14000US36005033400,14,1,0,1
14000US36005033500,1688,360,201,159
14000US36005033600,4999,1715,1048,667
14000US36005033700,1890,631,480,151
14000US36005033800,2243,1862,1000,862
14000US36005034000,3311,2295,1165,1130
14000US36005034200,914,974,656,318
14000US36005034300,1308,357,232,125
14000US36005034400,1295,877,441,436
14000US36005034500,2517,1023,575,448
14000US36005034800,4176,1531,1185,346
14000US36005035000,1003,1060,732,328
14000US36005035100,3141,599,386,213
14000US36005035600,1286,968,668,300
14000US36005035800,5023,3149,2143,1006
14000US36005035900,1414,639,247,392
14000US36005036000,2010,1261,828,433
14000US36005036100,3921,1655,808,847
14000US36005036300,5217,2300,1165,1135
14000US36005036400,1416,1149,712,437
14000US36005036501,2775,1126,743,383
14000US36005036502,1671,949,419,530
14000US36005036700,1842,553,300,253
14000US36005036800,1530,579,367,212
14000US36005036901,1588,513,185,328
14000US36005036902,1633,441,203,238
14000US36005037000,1235,1181,786,395
14000US36005037100,2831,1395,1008,387
14000US36005037200,1108,1024,708,316
14000US36005037300,4430,1943,949,994
14000US36005037400,2635,1226,690,536
14000US36005037504,2222,1101,563,538
14000US36005037600,1367,830,414,416
14000US36005037800,1967,933,570,363
14000US36005037900,3714,1755,771,984
14000US36005038000,3388,1851,857,994
14000US36005038100,3755,3892,1801,2091
14000US36005038200,2116,984,619,365
14000US36005038301,2212,2872,1077,1795
14000US36005038302,4341,1691,717,974
14000US36005038500,3400,1366,499,867
14000US36005038600,4696,4193,2429,1764
14000US36005038700,2232,1591,278,1313
14000US36005038800,1612,1151,722,429
14000US36005038900,3627,1894,600,1294
14000US36005039000,1958,903,473,430
14000US36005039100,4215,3329,1150,2179
14000US36005039200,798,804,481,323
14000US36005039300,6198,2132,914,1218
14000US36005039400,3722,1925,841,1084
14000US36005039500,3068,1189,610,579
14000US36005039600,3218,1804,1104,700
14000US36005039700,3198,546,209,337
14000US36005039800,2148,1694,1169,525
14000US36005039901,3162,2456,1152,1304
14000US36005039902,2953,2693,852,1841
14000US36005040100,2393,2085,714,1371
14000US36005040302,2137,2055,741,1314
14000US36005040303,2592,2308,1126,1182
14000US36005040304,2012,1581,682,899
14000US36005040400,2140,1460,1112,348
14000US36005040501,2369,2030,765,1265
14000US36005040502,4368,2896,1320,1576
14000US36005040600,2203,1344,806,538
14000US36005040701,1264,1856,559,1297
14000US36005040702,4142,2881,1697,1184
14000US36005040800,2781,2045,1008,1037
14000US36005040900,2012,1182,948,234
14000US36005041100,2050,1460,503,957
14000US36005041300,5049,3628,1212,2416
14000US36005041400,2551,2607,1848,759
14000US36005041500,3594,2773,1176,1597
14000US36005041800,2085,1791,973,818
14000US36005041900,3643,2392,1212,1180
14000US36005042000,2414,1792,968,824
14000US36005042100,3620,2041,632,1409
14000US36005042200,1991,1294,761,533
14000US36005042300,2763,1550,705,845
14000US36005042400,1590,979,716,263
14000US36005042500,3270,2905,1237,1668
14000US36005042600,3335,3394,2562,832
14000US36005042800,1030,1090,728,362
14000US36005042901,1853,1708,523,1185
14000US36005042902,2354,1687,604,1083
14000US36005043000,1870,1629,1168,461
14000US36005043100,5872,4374,1915,2459
14000US36005043400,1747,1963,1041,922
14000US36005043500,407,92,60,32
14000US36005043600,1225,795,534,261
14000US36005044200,2609,1410,894,516
14000US36005044400,2227,2068,1382,686
14000US36005044800,998,1077,779,298
14000US36005044901,1283,480,320,160
14000US36005044902,1409,632,390,242
14000US36005045101,1070,385,242,143
14000US36005045102,1555,400,218,182
14000US36005045600,1816,1404,981,423
14000US36005045800,4695,1049,744,305
14000US36005046000,2544,702,602,100
14000US36005046201,20798,7311,6121,1190
14000US36005046202,6339,3573,2103,1470
14000US36005048400,2185,2092,1182,910
14000US36005050400,0,0,0,0
14000US36005051600,3588,943,423,520
14000US36047000100,3897,508,376,132
14000US36047000200,801,366,125,241
14000US36047000301,3572,352,243,109
14000US36047000501,3363,945,462,483
14000US36047000502,2231,466,272,194
14000US36047000700,3369,537,286,251
14000US36047000900,3796,722,443,279
14000US36047001100,1060,408,143,265
14000US36047001300,1537,380,252,128
14000US36047001500,6252,2759,1140,1619
14000US36047001800,1434,463,98,365
14000US36047002000,820,592,110,482
14000US36047002100,4116,990,275,715
14000US36047002200,2392,2306,896,1410
14000US36047002300,3160,1059,509,550
14000US36047002901,3272,1175,535,640
14000US36047003000,1181,537,414,123
14000US36047003100,2549,710,478,232
14000US36047003300,3215,987,538,449
14000US36047003400,2036,1125,731,394
14000US36047003500,1504,403,173,230
14000US36047003600,2125,1375,1125,250
14000US36047003700,1717,533,224,309
14000US36047003800,990,381,317,64
14000US36047003900,1764,498,225,273
14000US36047004100,3287,367,180,187
14000US36047004300,3083,644,343,301
14000US36047004400,2035,483,418,65
14000US36047004500,2916,469,265,204
14000US36047004600,1059,242,197,45
14000US36047004700,1505,372,181,191
14000US36047004900,2219,393,207,186
14000US36047005000,1656,604,488,116
14000US36047005100,2239,505,360,145
14000US36047005201,1107,600,503,97
14000US36047005202,1828,614,426,188
14000US36047005300,1837,330,158,172
14000US36047005400,2271,914,669,245
14000US36047005601,1873,574,369,205
14000US36047005602,1274,413,233,180
14000US36047005800,1809,1018,559,459
14000US36047005900,1106,107,54,53
14000US36047006000,2078,1070,479,591
14000US36047006200,1664,1012,648,364
14000US36047006300,1575,291,153,138
14000US36047006400,2238,804,509,295
14000US36047006500,5012,964,513,451
14000US36047006600,2172,1370,667,703
14000US36047006700,3436,450,223,227
14000US36047006800,2604,2296,1110,1186
14000US36047006900,3241,350,151,199
14000US36047007000,1508,1030,777,253
14000US36047007100,3943,1107,461,646
14000US36047007200,945,955,447,508
14000US36047007400,2709,2550,723,1827
14000US36047007500,4064,905,483,422
14000US36047007600,2507,2644,848,1796
14000US36047007700,4118,1041,742,299
14000US36047007800,3107,2139,649,1490
14000US36047008000,2314,1301,668,633
14000US36047008200,2585,1009,577,432
14000US36047008400,2019,1602,619,983
14000US36047008500,6392,1401,844,557
14000US36047008600,0,0,0,0
14000US36047008800,1402,833,550,283
14000US36047009000,1414,1586,532,1054
14000US36047009200,2416,2906,1216,1690
14000US36047009400,1993,3073,1135,1938
14000US36047009600,2589,3490,1314,2176
14000US36047009800,2908,3571,1035,2536
14000US36047010000,2475,3560,1174,2386
14000US36047010100,2496,1505,585,920
14000US36047010200,1734,2964,1126,1838
14000US36047010400,1457,3348,1261,2087
14000US36047010600,1283,3134,1063,2071
14000US36047010800,1384,2482,832,1650
14000US36047011000,1613,1049,450,599
14000US36047011200,3414,2774,1409,1365
14000US36047011400,2235,1561,855,706
14000US36047011600,1428,2166,1032,1134
14000US36047011700,2105,572,395,177
14000US36047011800,659,1446,485,961
14000US36047011900,1151,171,72,99
14000US36047012000,499,714,343,371
14000US36047012100,1551,411,198,213
14000US36047012200,1962,3520,1411,2109
14000US36047012600,1400,1438,820,618
14000US36047012700,3828,490,351,139
14000US36047012801,800,1493,753,740
14000US36047012901,1934,453,257,196
14000US36047012902,2125,429,166,263
14000US36047013000,2921,1694,976,718
14000US36047013100,3490,665,386,279
14000US36047013200,1130,1242,697,545
14000US36047013300,3644,810,330,480
14000US36047013400,2860,1257,716,541
14000US36047013500,3375,639,278,361
14000US36047013600,2827,782,402,380
14000US36047013700,2988,566,275,291
14000US36047013800,1848,1321,900,421
14000US36047013900,3050,600,309,291
14000US36047014000,1274,712,554,158
14000US36047014100,2015,751,349,402
14000US36047014200,1942,1109,703,406
14000US36047014300,2820,852,475,377
14000US36047014500,2971,844,373,471
14000US36047014700,1959,449,243,206
14000US36047014800,854,359,295,64
14000US36047014900,5124,735,340,395
14000US36047015000,1058,540,357,183
14000US36047015100,3631,609,429,180
14000US36047015200,1681,818,669,149
14000US36047015300,2253,369,213,156
14000US36047015400,11,0,0,0
14000US36047015500,3355,638,324,314
14000US36047015700,3320,791,338,453
14000US36047015900,4077,727,284,443
14000US36047016000,2330,1635,934,701
14000US36047016100,2954,641,374,267
14000US36047016200,1793,501,360,141
14000US36047016300,2864,524,317,207
14000US36047016400,1017,247,164,83
14000US36047016500,5371,548,407,141
14000US36047016600,1433,358,289,69
14000US36047016700,4612,810,358,452
14000US36047016800,1136,769,628,141
14000US36047016900,3968,854,402,452
14000US36047017000,1922,1562,946,616
14000US36047017100,3345,724,407,317
14000US36047017200,1587,1675,1155,520
14000US36047017400,1188,1003,700,303
14000US36047017500,0,0,0,0
14000US36047017600,1361,1052,707,345
14000US36047017700,0,0,0,0
14000US36047017800,1477,1596,884,712
14000US36047017900,3167,1181,932,249
14000US36047018000,1753,1765,908,857
14000US36047018100,2907,784,346,438
14000US36047018200,1563,1938,1021,917
14000US36047018300,2253,422,196,226
14000US36047018400,1574,1043,702,341
14000US36047018501,3378,775,381,394
14000US36047018600,1130,1025,622,403
14000US36047018700,1187,301,99,202
14000US36047018800,1541,1295,853,442
14000US36047019000,2484,2279,1274,1005
14000US36047019100,2428,544,254,290
14000US36047019200,1687,1247,664,583
14000US36047019300,4766,1116,528,588
14000US36047019400,1622,2405,1112,1293
14000US36047019500,2865,576,293,283
14000US36047019600,1990,2224,936,1288
14000US36047019700,2929,785,412,373
14000US36047019800,1126,800,533,267
14000US36047019900,2839,593,307,286
14000US36047020000,1293,1124,579,545
14000US36047020100,3264,681,420,261
14000US36047020200,1308,655,442,213
14000US36047020300,1436,390,260,130
14000US36047020400,1297,540,341,199
14000US36047020500,2649,479,318,161
14000US36047020600,1415,896,618,278
14000US36047020700,4007,719,435,284
14000US36047020800,1441,1651,1094,557
14000US36047021000,1717,2250,1048,1202
14000US36047021100,1847,359,193,166
14000US36047021200,1624,2710,1047,1663
14000US36047021300,2564,1549,971,578
14000US36047021400,1423,764,341,423
14000US36047021500,4026,1612,1161,451
14000US36047021600,3109,913,448,465
14000US36047021700,2391,1342,861,481
14000US36047021800,2768,360,294,66
14000US36047021900,2123,1434,864,570
14000US36047022000,3820,956,683,273
14000US36047022100,3095,881,567,314
14000US36047022200,3378,630,467,163
14000US36047022400,4423,1362,747,615
14000US36047022600,1080,1153,571,582
14000US36047022700,3224,570,243,327
14000US36047022800,2661,966,590,376
14000US36047022900,2867,808,409,399
14000US36047023000,3533,718,475,243
14000US36047023100,3039,657,447,210
14000US36047023200,4872,689,466,223
14000US36047023300,4876,1008,500,508
14000US36047023400,3867,696,392,304
14000US36047023500,3846,848,325,523
14000US36047023600,4747,802,599,203
14000US36047023800,2912,722,496,226
14000US36047024000,3824,999,494,505
14000US36047024100,1858,907,401,506
14000US36047024200,2223,645,487,158
14000US36047024300,3058,1064,543,521
14000US36047024400,3028,581,303,278
14000US36047024500,3462,1029,536,493
14000US36047024600,1784,1096,764,332
14000US36047024700,2050,622,325,297
14000US36047024800,1330,1323,696,627
14000US36047024900,2951,1067,555,512
14000US36047025000,675,1178,526,652
14000US36047025100,2995,746,379,367
14000US36047025200,2292,3007,1651,1356
14000US36047025300,2963,533,220,313
14000US36047025400,1621,1792,1226,566
14000US36047025500,4095,1503,871,632
14000US36047025600,1326,1873,1149,724
14000US36047025700,1722,754,349,405
14000US36047025800,1830,2524,1460,1064
14000US36047025901,1763,494,249,245
14000US36047025902,2680,853,409,444
14000US36047026000,1319,1895,1257,638
14000US36047026100,3835,662,328,334
14000US36047026200,1078,1347,781,566
14000US36047026300,1681,334,220,114
14000US36047026400,1664,2930,1716,1214
14000US36047026500,3344,774,524,250
14000US36047026600,1286,2231,1043,1188
14000US36047026700,3095,960,668,292
14000US36047026800,1898,2067,1317,750
14000US36047026900,2611,536,373,163
14000US36047027000,1086,1053,685,368
14000US36047027100,2417,686,472,214
14000US36047027200,1554,2201,1152,1049
14000US36047027300,2644,787,364,423
14000US36047027400,1739,1863,1195,668
14000US36047027500,3403,1035,613,422
14000US36047027600,1277,2369,1234,1135
14000US36047027700,3781,801,444,357
14000US36047027800,1104,2014,1174,840
14000US36047027900,2949,711,195,516
14000US36047028000,755,1074,670,404
14000US36047028100,3721,1043,509,534
14000US36047028200,1639,2123,1450,673
14000US36047028300,3042,821,325,496
14000US36047028400,1580,1952,1103,849
14000US36047028501,301,153,62,91
14000US36047028502,2726,479,189,290
14000US36047028600,2013,3097,1594,1503
14000US36047028700,2396,697,386,311
14000US36047028800,1277,2559,1287,1272
14000US36047028900,2683,936,618,318
14000US36047029000,1784,1796,1325,471
14000US36047029100,2317,674,343,331
14000US36047029200,1200,1833,945,888
14000US36047029300,2762,675,422,253
14000US36047029400,1362,1112,634,478
14000US36047029500,3409,751,457,294
14000US36047029600,2347,3502,2282,1220
14000US36047029700,3822,431,232,199
14000US36047029800,1926,1868,1063,805
14000US36047029900,2077,864,525,339
14000US36047030000,1798,2409,1451,958
14000US36047030100,2045,918,573,345
14000US36047030200,1963,2485,1562,923
14000US36047030300,3669,1245,840,405
14000US36047030400,1746,2443,1392,1051
14000US36047030500,5140,1388,1007,381
14000US36047030600,863,873,567,306
14000US36047030700,4497,1457,996,461
14000US36047030800,1046,934,731,203
14000US36047030900,1653,752,491,261
14000US36047031100,2073,851,422,429
14000US36047031300,3657,1398,882,516
14000US36047031400,2329,2649,2084,565
14000US36047031500,3722,1248,828,420
14000US36047031701,2853,952,511,441
14000US36047031702,2426,889,651,238
14000US36047031900,2219,922,712,210
14000US36047032100,3441,2047,1288,759
14000US36047032300,2118,1388,970,418
14000US36047032500,3214,2862,1816,1046
14000US36047032600,4504,2226,1309,917
14000US36047032700,1576,968,453,515
14000US36047032800,1446,1242,1002,240
14000US36047032900,3738,2367,1656,711
14000US36047033000,3706,1300,914,386
14000US36047033100,2634,1424,1127,297
14000US36047033300,3598,949,672,277
14000US36047033500,2215,819,529,290
14000US36047033600,2457,1986,1333,653
14000US36047033700,2604,1252,842,410
14000US36047033900,2739,1799,1048,751
14000US36047034000,1301,749,623,126
14000US36047034100,2388,668,363,305
14000US36047034200,3902,2162,1686,476
14000US36047034300,4033,1130,762,368
14000US36047034500,1802,1306,804,502
14000US36047034700,2393,957,614,343
14000US36047034800,1335,1550,710,840
14000US36047034900,3694,2451,1362,1089
14000US36047035000,841,2283,2087,196
14000US36047035100,2705,1945,1376,569
14000US36047035200,670,584,499,85
14000US36047035300,3293,2114,1559,555
14000US36047035400,3030,2735,2474,261
14000US36047035500,3307,2324,1399,925
14000US36047035601,1048,1786,1649,137
14000US36047035602,2013,3516,2827,689
14000US36047035700,1593,735,504,231
14000US36047035900,4030,1563,1003,560
14000US36047036001,626,2529,1818,711
14000US36047036002,730,3344,2333,1011
14000US36047036100,1917,870,601,269
14000US36047036200,1342,2513,1220,1293
14000US36047036300,3322,1722,924,798
14000US36047036400,714,1729,833,896
14000US36047036501,2693,724,610,114
14000US36047036502,1142,273,172,101
14000US36047036600,1496,2772,1629,1143
14000US36047036700,876,405,244,161
14000US36047036900,4130,1657,911,746
14000US36047037000,1875,2356,1933,423
14000US36047037100,3495,1216,795,421
14000US36047037300,3775,711,547,164
14000US36047037401,2298,2078,1697,381
14000US36047037402,2055,2882,1814,1068
14000US36047037500,2232,997,538,459
14000US36047037700,3742,799,452,347
14000US36047037900,3569,1091,788,303
14000US36047038100,4658,739,409,330
14000US36047038200,4081,1659,1133,526
14000US36047038300,3840,880,558,322
14000US36047038500,3318,645,417,228
14000US36047038600,1962,1707,976,731
14000US36047038700,2934,948,581,367
14000US36047038800,2323,1771,1409,362
14000US36047038900,1793,1044,560,484
14000US36047039000,1384,1013,828,185
14000US36047039100,1963,1276,667,609
14000US36047039200,1560,1320,950,370
14000US36047039300,3049,841,274,567
14000US36047039400,1649,689,430,259
14000US36047039500,2987,871,373,498
14000US36047039600,1669,389,241,148
14000US36047039700,2435,1118,689,429
14000US36047039800,1320,1558,865,693
14000US36047039900,2914,959,526,433
14000US36047040000,1460,1543,1069,474
14000US36047040100,2259,903,415,488
14000US36047040200,1415,1573,1144,429
14000US36047040300,2513,1016,732,284
14000US36047040400,1127,1332,958,374
14000US36047040500,1173,340,176,164
14000US36047040600,1763,1929,1170,759
14000US36047040700,0,0,0,0
14000US36047040800,1807,1839,914,925
14000US36047040900,2402,1434,558,876
14000US36047041000,1349,699,467,232
14000US36047041100,2162,872,350,522
14000US36047041200,1596,1732,1210,522
14000US36047041300,2752,1234,607,627
14000US36047041401,923,618,350,268
14000US36047041402,990,834,500,334
14000US36047041500,3329,1024,659,365
14000US36047041600,1621,717,635,82
14000US36047041700,2226,906,475,431
14000US36047041800,1880,1080,641,439
14000US36047041900,2652,971,589,382
14000US36047042000,1393,444,370,74
14000US36047042100,2815,1444,427,1017
14000US36047042200,1791,1744,780,964
14000US36047042300,2635,1343,585,758
14000US36047042400,1456,2024,1360,664
14000US36047042500,2563,775,317,458
14000US36047042600,1436,2866,1841,1025
14000US36047042700,3565,1331,631,700
14000US36047042800,1450,2335,1582,753
14000US36047042900,3416,2025,525,1500
14000US36047043000,893,2390,1075,1315
14000US36047043100,3131,1563,430,1133
14000US36047043200,1869,2472,1415,1057
14000US36047043300,2611,1017,351,666
14000US36047043400,1384,2153,1358,795
14000US36047043500,3130,1985,1051,934
14000US36047043600,2197,2862,1550,1312
14000US36047043700,3434,2262,832,1430
14000US36047043800,1397,1223,618,605
14000US36047043900,2018,1497,708,789
14000US36047044000,1969,840,462,378
14000US36047044100,3032,2092,1064,1028
14000US36047044200,2236,709,524,185
14000US36047044300,2810,1777,695,1082
14000US36047044400,2439,1150,924,226
14000US36047044500,2620,2109,845,1264
14000US36047044600,994,1098,669,429
14000US36047044700,1872,673,246,427
14000US36047044800,1271,427,282,145
14000US36047044900,2490,720,306,414
14000US36047045000,452,114,99,15
14000US36047045200,2092,422,250,172
14000US36047045300,1919,659,168,491
14000US36047045400,1237,444,209,235
14000US36047045600,1074,1096,458,638
14000US36047045800,900,424,366,58
14000US36047046000,1658,1473,889,584
14000US36047046201,1199,1082,841,241
14000US36047046202,1626,316,200,116
14000US36047046400,2239,399,259,140
14000US36047046800,1910,258,218,40
14000US36047047000,2301,302,193,109
14000US36047047200,2441,328,291,37
14000US36047047400,1904,481,278,203
14000US36047047600,2772,613,535,78
14000US36047047700,3035,800,261,539
14000US36047047800,2467,1199,671,528
14000US36047048000,2291,1384,566,818
14000US36047048100,1968,999,439,560
14000US36047048200,1879,3006,1882,1124
14000US36047048400,3704,1870,1274,596
14000US36047048500,1730,559,221,338
14000US36047048600,1623,1577,974,603
14000US36047048800,2686,1210,876,334
14000US36047048900,3069,548,361,187
14000US36047049000,2788,2813,1481,1332
14000US36047049100,4249,2820,1898,922
14000US36047049200,1378,1310,851,459
14000US36047049300,6167,1125,668,457
14000US36047049400,3681,2026,1449,577
14000US36047049500,2144,456,172,284
14000US36047049600,2527,1566,719,847
14000US36047049700,2094,623,334,289
14000US36047049800,2511,1628,1246,382
14000US36047049900,1261,524,258,266
14000US36047050000,2881,1072,706,366
14000US36047050100,2615,562,284,278
14000US36047050202,2154,369,181,188
14000US36047050300,2102,568,251,317
14000US36047050400,3618,1123,923,200
14000US36047050500,3006,1003,602,401
14000US36047050600,2985,2220,1353,867
14000US36047050700,2760,303,202,101
14000US36047050801,1951,2124,1324,800
14000US36047050803,1662,860,615,245
14000US36047050804,3779,2304,1363,941
14000US36047050900,5053,387,195,192
14000US36047051001,2117,1975,1123,852
14000US36047051002,2832,2026,1311,715
14000US36047051100,2835,1498,779,719
14000US36047051200,3915,2021,846,1175
14000US36047051300,3923,1474,628,846
14000US36047051400,4505,3329,1690,1639
14000US36047051500,1910,533,216,317
14000US36047051601,3335,1917,1093,824
14000US36047051602,1959,1936,1164,772
14000US36047051700,1743,838,260,578
14000US36047051800,1834,1494,1068,426
14000US36047051900,3599,1467,778,689
14000US36047052000,2446,1428,889,539
14000US36047052300,3292,1562,846,716
14000US36047052500,2789,481,418,63
14000US36047052600,2712,1779,1208,571
14000US36047052700,4683,1807,920,887
14000US36047052800,1279,520,304,216
14000US36047052900,2918,525,406,119
14000US36047053000,2327,1733,818,915
14000US36047053100,8452,381,240,141
14000US36047053200,1996,793,480,313
14000US36047053300,5756,998,891,107
14000US36047053400,2466,1766,1213,553
14000US36047053500,3133,575,477,98
14000US36047053700,3609,253,185,68
14000US36047053800,2667,2513,1643,870
14000US36047053900,1996,487,423,64
14000US36047054200,2173,1835,1276,559
14000US36047054300,202,81,15,66
14000US36047054400,1825,1662,1104,558
14000US36047054500,7106,1032,769,263
14000US36047054600,2219,2563,1538,1025
14000US36047054700,4524,1200,632,568
14000US36047054800,1328,762,630,132
14000US36047054900,3393,778,238,540
14000US36047055000,1469,1913,1021,892
14000US36047055100,4245,1116,488,628
14000US36047055200,1526,1951,1269,682
14000US36047055300,2170,570,293,277
14000US36047055400,1584,2744,1480,1264
14000US36047055500,5580,2116,788,1328
14000US36047055600,1847,1550,1096,454
14000US36047055700,1375,606,297,309
14000US36047055800,1339,1153,866,287
14000US36047056000,1654,1828,1233,595
14000US36047056100,2760,778,388,390
14000US36047056200,1195,460,455,5
14000US36047056300,3952,1438,595,843
14000US36047056400,1526,997,812,185
14000US36047056500,2360,796,363,433
14000US36047056600,1524,1225,914,311
14000US36047056800,900,555,457,98
14000US36047056900,1262,429,185,244
14000US36047057000,2232,1297,1082,215
14000US36047057100,2789,1249,886,363
14000US36047057200,4005,1517,1033,484
14000US36047057300,1830,627,344,283
14000US36047057400,1393,1465,1108,357
14000US36047057500,2728,1255,671,584
14000US36047057600,1277,1764,1210,554
14000US36047057800,1393,1867,1105,762
14000US36047057900,808,357,110,247
14000US36047058000,2055,2347,1468,879
14000US36047058200,981,1561,914,647
14000US36047058400,1441,2038,1536,502
14000US36047058600,1053,1719,1200,519
14000US36047058800,1201,2068,1654,414
14000US36047058900,1245,446,304,142
14000US36047059000,774,1060,617,443
14000US36047059100,2860,778,462,316
14000US36047059200,1545,2607,1642,965
14000US36047059300,1552,470,220,250
14000US36047059401,2412,4984,3470,1514
14000US36047059402,2186,3213,2338,875
14000US36047059600,1061,1381,1101,280
14000US36047059800,1637,1969,1461,508
14000US36047060000,2283,3994,2687,1307
14000US36047060600,917,1894,1308,586
14000US36047060800,1433,2112,1378,734
14000US36047061002,1437,3461,2908,553
14000US36047061003,793,876,432,444
14000US36047061004,1567,4654,2959,1695
14000US36047061200,644,421,402,19
14000US36047061600,775,690,658,32
14000US36047062000,904,912,699,213
14000US36047062200,1474,1241,997,244
14000US36047062600,1583,1286,839,447
14000US36047062800,3730,688,582,106
14000US36047063200,1230,304,263,41
14000US36047063600,803,486,413,73
14000US36047063800,1319,704,517,187
14000US36047064000,1498,244,190,54
14000US36047064200,1146,1081,746,335
14000US36047064400,2180,675,490,185
14000US36047064600,1774,416,354,62
14000US36047064800,1692,502,393,109
14000US36047065000,895,747,475,272
14000US36047065200,1010,84,66,18
14000US36047065400,1150,287,194,93
14000US36047065600,1402,323,186,137
14000US36047065800,1141,657,482,175
14000US36047066000,1618,432,359,73
14000US36047066200,1069,432,336,96
14000US36047066600,0,0,0,0
14000US36047067000,1641,1293,923,370
14000US36047067200,853,787,591,196
14000US36047067400,1019,901,715,186
14000US36047067600,836,924,707,217
14000US36047067800,1515,1337,1194,143
14000US36047068000,1041,1144,660,484
14000US36047068200,1434,1398,942,456
14000US36047068600,1174,544,312,232
14000US36047068800,1097,622,456,166
14000US36047069000,1278,804,578,226
14000US36047069200,1509,1225,893,332
14000US36047069601,2059,1189,949,240
14000US36047069602,3689,2123,1726,397
14000US36047069800,977,472,305,167
14000US36047070000,1231,373,309,64
14000US36047070201,4536,1866,1725,141
14000US36047070202,0,8,0,8
14000US36047070203,0,0,0,0
14000US36047070600,2501,636,575,61
14000US36047072000,976,1043,744,299
14000US36047072200,1497,1384,1119,265
14000US36047072400,1017,962,762,200
14000US36047072600,1049,1294,1090,204
14000US36047072800,1999,1947,1570,377
14000US36047073000,1190,1088,849,239
14000US36047073200,1145,1050,833,217
14000US36047073400,1082,694,639,55
14000US36047073600,1574,1624,1269,355
14000US36047073800,2500,1477,953,524
14000US36047074000,1581,2017,1557,460
14000US36047074200,2273,863,685,178
14000US36047074400,2333,444,186,258
14000US36047074600,1886,691,402,289
14000US36047074800,1636,321,241,80
14000US36047075000,2198,659,399,260
14000US36047075200,904,127,127,0
14000US36047075400,1114,180,162,18
14000US36047075600,1616,534,354,180
14000US36047075800,1094,559,406,153
14000US36047076000,1853,1077,767,310
14000US36047076200,2212,2073,1262,811
14000US36047076400,2073,1529,976,553
14000US36047076600,1187,916,582,334
14000US36047076800,1958,1261,715,546
14000US36047077000,1693,1127,548,579
14000US36047077200,2091,1023,588,435
14000US36047077400,1812,1438,898,540
14000US36047077600,2027,1705,1332,373
14000US36047078000,1161,1000,812,188
14000US36047078200,2518,2405,1337,1068
14000US36047078400,1167,1219,872,347
14000US36047078600,2377,2376,1610,766
14000US36047078800,1895,1633,1030,603
14000US36047079000,2606,2490,1523,967
14000US36047079200,2142,1346,897,449
14000US36047079400,798,918,693,225
14000US36047079601,2185,2351,1473,878
14000US36047079602,2379,2418,1459,959
14000US36047079801,1946,923,583,340
14000US36047079802,3193,2248,1110,1138
14000US36047080000,2462,1227,840,387
14000US36047080200,2648,1930,1278,652
14000US36047080400,1940,1251,762,489
14000US36047080600,2045,1310,830,480
14000US36047080800,967,359,240,119
14000US36047081000,1509,813,598,215
14000US36047081400,1225,1545,1142,403
14000US36047081600,1152,1501,948,553
14000US36047081800,2286,2242,1120,1122
14000US36047082000,2643,2532,1469,1063
14000US36047082200,3705,3465,2219,1246
14000US36047082400,2495,2415,1414,1001
14000US36047082600,2501,2410,1774,636
14000US36047082800,2140,1566,983,583
14000US36047083000,2640,3666,1630,2036
14000US36047083200,1045,1082,799,283
14000US36047083400,872,873,679,194
14000US36047083600,966,1051,854,197
14000US36047083800,969,1104,795,309
14000US36047084000,1151,1369,1012,357
14000US36047084600,1030,993,762,231
14000US36047084800,897,804,591,213
14000US36047085000,750,739,621,118
14000US36047085200,26,0,0,0
14000US36047085400,997,969,714,255
14000US36047085600,1370,2014,1288,726
14000US36047085800,995,1112,870,242
14000US36047086000,1691,1936,1165,771
14000US36047086200,1060,1761,1171,590
14000US36047086400,993,1350,989,361
14000US36047086600,1433,1712,1075,637
14000US36047086800,1658,1755,1000,755
14000US36047087000,1505,1620,982,638
14000US36047087200,1758,1372,971,401
14000US36047087401,2129,1630,1196,434
14000US36047087600,1103,606,485,121
14000US36047087800,1315,1332,824,508
14000US36047088000,1643,1082,814,268
14000US36047088200,3312,3041,2026,1015
14000US36047088400,2159,2242,1255,987
14000US36047088600,1877,2212,1311,901
14000US36047088800,1734,2352,1505,847
14000US36047089000,2979,2933,1700,1233
14000US36047089200,2018,1247,782,465
14000US36047089400,1968,1286,719,567
14000US36047089600,1682,1478,776,702
14000US36047089800,1133,687,442,245
14000US36047090000,2892,1020,706,314
14000US36047090200,2307,1002,625,377
14000US36047090600,2666,629,378,251
14000US36047090800,5057,935,356,579
14000US36047091000,3437,759,490,269
14000US36047091200,4806,783,523,260
14000US36047091600,2604,877,364,513
14000US36047091800,1433,817,459,358
14000US36047092000,1881,642,407,235
14000US36047092200,1825,712,504,208
14000US36047092400,1788,865,431,434
14000US36047092800,1353,1669,1437,232
14000US36047093000,1446,1622,1141,481
14000US36047093200,336,788,475,313
14000US36047093400,1191,1273,1007,266
14000US36047093600,750,942,718,224
14000US36047093800,1098,1378,972,406
14000US36047094401,1641,1893,1546,347
14000US36047094402,2692,556,432,124
14000US36047094600,1055,892,779,113
14000US36047095000,1393,1358,1070,288
14000US36047095400,2276,2013,1489,524
14000US36047095600,2347,2160,1609,551
14000US36047095800,1632,1713,1457,256
14000US36047096000,0,0,0,0
14000US36047096200,1036,802,528,274
14000US36047096400,946,1032,768,264
14000US36047096600,1418,1216,785,431
14000US36047096800,1044,669,521,148
14000US36047097000,1408,1460,1041,419
14000US36047097400,1668,1075,734,341
14000US36047098200,3944,588,483,105
14000US36047098400,1029,969,814,155
14000US36047098600,1515,1341,939,402
14000US36047098800,1722,1643,1187,456
14000US36047099000,906,838,603,235
14000US36047099200,1185,1126,859,267
14000US36047099400,1002,1124,805,319
14000US36047099600,1769,1992,1384,608
14000US36047099800,1805,1783,1306,477
14000US36047100400,1395,1282,1016,266
14000US36047100600,1386,1224,897,327
14000US36047100800,1353,897,708,189
14000US36047101000,1093,1191,1010,181
14000US36047101200,1074,1214,866,348
14000US36047101400,1084,1094,903,191
14000US36047101600,886,829,464,365
14000US36047101800,1393,902,728,174
14000US36047102000,1147,1070,839,231
14000US36047102200,1092,1079,808,271
14000US36047102400,1209,1046,820,226
14000US36047102600,1600,1423,1084,339
14000US36047102800,727,953,671,282
14000US36047103400,4009,285,264,21
14000US36047105801,3927,1882,1736,146
14000US36047105804,4847,1897,1490,407
14000US36047107000,1701,629,512,117
14000US36047107800,2895,1767,1400,367
14000US36047109800,1460,899,518,381
14000US36047110400,3130,1277,947,330
14000US36047110600,3668,523,339,184
14000US36047111000,2744,242,156,86
14000US36047111600,2520,1104,547,557
14000US36047111800,2445,1194,800,394
14000US36047112000,1784,1321,692,629
14000US36047112200,1972,1196,692,504
14000US36047112400,2144,910,578,332
14000US36047112600,2089,1148,810,338
14000US36047112800,2278,1486,856,630
14000US36047113000,2296,1403,956,447
14000US36047113200,1081,892,744,148
14000US36047113400,2444,661,413,248
14000US36047114201,884,670,336,334
14000US36047114202,2189,822,535,287
14000US36047114400,1567,978,374,604
14000US36047114600,1664,1188,602,586
14000US36047115000,1611,946,573,373
14000US36047115200,2187,935,694,241
14000US36047115600,3207,717,375,342
14000US36047115800,1641,1237,623,614
14000US36047116000,1746,578,278,300
14000US36047116200,1715,714,425,289
14000US36047116400,2740,856,580,276
14000US36047116600,1787,1341,735,606
14000US36047116800,1153,875,507,368
14000US36047117000,900,891,396,495
14000US36047117201,1764,981,549,432
14000US36047117202,2201,1555,781,774
14000US36047117400,2276,1867,989,878
14000US36047117601,1724,1479,817,662
14000US36047117602,1669,1172,592,580
14000US36047117800,898,796,445,351
14000US36047118000,0,0,0,0
14000US36047118201,1844,1024,667,357
14000US36047118202,1837,1480,831,649
14000US36047118400,2797,2308,1488,820
14000US36047118600,1519,1441,908,533
14000US36047118800,2047,2489,1489,1000
14000US36047119000,1314,906,521,385
14000US36047119200,1733,1357,741,616
14000US36047119400,3227,1665,1073,592
14000US36047119600,2554,2439,1557,882
14000US36047119800,2443,1228,640,588
14000US36047120000,1570,1060,554,506
14000US36047120200,902,1031,487,544
14000US36047120800,6790,3623,2383,1240
14000US36047121000,3658,538,436,102
14000US36047121400,3882,938,507,431
14000US36047122000,4009,1936,1084,852
14000US36047123700,6565,401,202,199
14000US36047150200,2385,266,101,165
14000US36047152200,2597,1120,671,449
14000US36047990100,0,0,0,0
14000US36061000100,0,0,0,0
14000US36061000201,1582,1168,735,433
14000US36061000202,5450,2323,1563,760
14000US36061000500,0,0,0,0
14000US36061000600,4457,5381,3668,1713
14000US36061000700,6887,1614,433,1181
14000US36061000800,2757,6558,3697,2861
14000US36061000900,1329,467,226,241
14000US36061001001,1327,219,155,64
14000US36061001002,4031,1126,718,408
14000US36061001200,2854,1314,1012,302
14000US36061001300,3191,1264,632,632
14000US36061001401,2393,631,428,203
14000US36061001402,1685,1256,953,303
14000US36061001501,4863,2535,1720,815
14000US36061001502,6618,1691,994,697
14000US36061001600,2772,4196,2472,1724
14000US36061001800,3820,2968,1541,1427
14000US36061002000,3380,1206,625,581
14000US36061002100,5102,1564,711,853
14000US36061002201,4714,1851,1308,543
14000US36061002202,1607,492,223,269
14000US36061002400,3356,836,451,385
14000US36061002500,3470,2013,1399,614
14000US36061002601,2526,962,735,227
14000US36061002602,2830,1116,573,543
14000US36061002700,612,729,468,261
14000US36061002800,5315,1450,1033,417
14000US36061002900,2833,3091,2071,1020
14000US36061003001,2743,1072,459,613
14000US36061003002,1936,1003,678,325
14000US36061003100,1986,539,308,231
14000US36061003200,5953,1861,1164,697
14000US36061003300,4124,1100,610,490
14000US36061003400,5422,1147,723,424
14000US36061003601,2002,1130,807,323
14000US36061003602,2477,735,339,396
14000US36061003700,2216,450,166,284
14000US36061003800,6652,2275,1104,1171
14000US36061003900,5788,1143,424,719
14000US36061004000,6298,1807,552,1255
14000US36061004100,4266,3731,2038,1693
14000US36061004200,4151,1233,307,926
14000US36061004300,2652,1316,676,640
14000US36061004400,13015,3579,1589,1990
14000US36061004500,689,291,176,115
14000US36061004700,1843,631,298,333
14000US36061004800,5011,1219,345,874
14000US36061004900,3297,1107,447,660
14000US36061005000,4010,738,378,360
14000US36061005200,2580,741,419,322
14000US36061005400,3652,1116,596,520
14000US36061005501,3094,1633,810,823
14000US36061005502,1538,287,76,211
14000US36061005600,3744,506,338,168
14000US36061005700,2321,435,240,195
14000US36061005800,3361,954,419,535
14000US36061005900,4473,931,407,524
14000US36061006000,4596,1145,436,709
14000US36061006100,4070,677,237,440
14000US36061006200,2705,1739,413,1326
14000US36061006300,5581,812,470,342
14000US36061006400,6466,1177,730,447
14000US36061006500,5304,1033,374,659
14000US36061006600,8707,3132,2259,873
14000US36061006700,4442,989,433,556
14000US36061006800,6782,1094,490,604
14000US36061006900,2096,389,208,181
14000US36061007000,6367,1934,1056,878
14000US36061007100,4545,985,488,497
14000US36061007200,5421,2221,1188,1033
14000US36061007300,4714,1045,160,885
14000US36061007400,3441,1087,404,683
14000US36061007500,3035,568,250,318
14000US36061007600,1319,773,187,586
14000US36061007700,5124,847,400,447
14000US36061007800,6465,2957,1109,1848
14000US36061007900,3911,514,258,256
14000US36061008000,3894,1070,674,396
14000US36061008100,5702,1779,860,919
14000US36061008200,2386,855,643,212
14000US36061008300,2784,902,461,441
14000US36061008400,1001,745,263,482
14000US36061008601,1931,984,347,637
14000US36061008602,0,0,0,0
14000US36061008603,3606,794,446,348
14000US36061008700,4632,1924,878,1046
14000US36061008800,4852,2564,1237,1327
14000US36061008900,3588,1825,696,1129
14000US36061009000,5330,2303,1280,1023
14000US36061009100,4851,1447,807,640
14000US36061009200,1013,461,253,208
14000US36061009300,6905,2535,1679,856
14000US36061009400,34,37,19,18
14000US36061009500,2466,676,142,534
14000US36061009600,99,78,45,33
14000US36061009700,3715,1253,855,398
14000US36061009800,5721,1581,790,791
14000US36061009900,4299,1682,500,1182
14000US36061010000,1285,456,205,251
14000US36061010100,745,628,159,469
14000US36061010200,113,9,5,4
14000US36061010300,1314,751,286,465
14000US36061010400,506,305,169,136
14000US36061010601,5671,1420,1032,388
14000US36061010602,3407,1452,478,974
14000US36061010800,7313,1733,825,908
14000US36061010900,108,64,27,37
14000US36061011000,5576,1923,977,946
14000US36061011100,2685,2072,985,1087
14000US36061011201,597,246,128,118
14000US36061011202,331,84,41,43
14000US36061011203,805,298,130,168
14000US36061011300,61,37,17,20
14000US36061011401,915,258,158,100
14000US36061011402,1531,349,232,117
14000US36061011500,2054,1609,664,945
14000US36061011600,2441,1099,446,653
14000US36061011700,2435,1756,713,1043
14000US36061011800,7049,1937,1019,918
14000US36061011900,871,200,126,74
14000US36061012000,2637,507,307,200
14000US36061012100,5864,1899,616,1283
14000US36061012200,1986,487,352,135
14000US36061012400,7095,2687,1213,1474
14000US36061012500,1079,1232,490,742
14000US36061012600,11134,1486,774,712
14000US36061012700,5151,1556,732,824
14000US36061012800,4677,707,422,285
14000US36061012900,5014,3337,1449,1888
14000US36061013000,2522,792,522,270
14000US36061013100,1712,1076,446,630
14000US36061013200,7949,3050,1455,1595
14000US36061013300,3964,2264,1258,1006
14000US36061013400,8667,2693,1305,1388
14000US36061013500,6082,3623,1799,1824
14000US36061013600,12250,3237,1498,1739
14000US36061013700,4206,1788,711,1077
14000US36061013800,9717,2496,1255,1241
14000US36061013900,7453,3071,1642,1429
14000US36061014000,5894,1300,664,636
14000US36061014200,4030,1080,620,460
14000US36061014300,2,0,0,0
14000US36061014401,3916,804,535,269
14000US36061014402,5740,1206,584,622
14000US36061014500,4335,1818,618,1200
14000US36061014601,3006,1176,433,743
14000US36061014602,6074,1757,990,767
14000US36061014700,2212,1263,454,809
14000US36061014801,2216,594,401,193
14000US36061014802,5322,1182,646,536
14000US36061014900,3895,1097,562,535
14000US36061015001,1853,432,324,108
14000US36061015002,3622,956,713,243
14000US36061015100,6897,3246,1758,1488
14000US36061015200,5461,2355,1101,1254
14000US36061015300,8085,1679,890,789
14000US36061015400,10694,3440,1783,1657
14000US36061015500,8024,2266,1187,1079
14000US36061015601,3634,1496,655,841
14000US36061015602,1948,485,268,217
14000US36061015700,7408,2178,739,1439
14000US36061015801,4227,872,509,363
14000US36061015802,3146,1207,467,740
14000US36061015900,7501,2016,1105,911
14000US36061016001,2912,553,453,100
14000US36061016002,2493,928,224,704
14000US36061016100,4739,1542,652,890
14000US36061016200,7712,1700,1032,668
14000US36061016300,5324,1943,950,993
14000US36061016400,5654,1820,683,1137
14000US36061016500,5045,1467,691,776
14000US36061016600,4830,1547,888,659
14000US36061016700,5001,1188,768,420
14000US36061016800,4138,977,516,461
14000US36061016900,6806,1569,569,1000
14000US36061017000,5706,2123,1249,874
14000US36061017100,7266,1428,948,480
14000US36061017200,3789,1341,514,827
14000US36061017300,6316,1264,654,610
14000US36061017401,3726,908,528,380
14000US36061017402,1922,453,254,199
14000US36061017500,9131,1427,800,627
14000US36061017700,7370,1895,1112,783
14000US36061017800,2973,1014,251,763
14000US36061017900,6303,1964,1154,810
14000US36061018000,5944,1478,755,723
14000US36061018100,6955,1541,1020,521
14000US36061018200,6054,1848,1013,835
14000US36061018300,5921,1906,1001,905
14000US36061018400,5691,1425,732,693
14000US36061018500,3644,1249,383,866
14000US36061018600,5801,1108,543,565
14000US36061018700,6938,1670,908,762
14000US36061018800,3867,1570,451,1119
14000US36061018900,8143,3511,1988,1523
14000US36061019000,2635,1099,829,270
14000US36061019100,7301,2456,1238,1218
14000US36061019200,2788,1014,389,625
14000US36061019300,6935,3320,1878,1442
14000US36061019400,4706,1460,754,706
14000US36061019500,4984,2183,1041,1142
14000US36061019600,3316,994,397,597
14000US36061019701,388,251,77,174
14000US36061019702,1736,742,514,228
14000US36061019800,2050,595,379,216
14000US36061019900,6260,2526,717,1809
14000US36061020000,2744,862,508,354
14000US36061020101,1598,256,77,179
14000US36061020102,2933,1204,693,511
14000US36061020300,2485,1122,194,928
14000US36061020500,3841,1276,466,810
14000US36061020600,2655,777,432,345
14000US36061020701,1947,1094,168,926
14000US36061020800,3871,1561,425,1136
14000US36061020901,2511,1000,478,522
14000US36061021000,6582,958,454,504
14000US36061021100,7972,2852,1256,1596
14000US36061021200,3329,783,432,351
14000US36061021303,4286,1997,1060,937
14000US36061021400,2746,627,307,320
14000US36061021500,3451,945,412,533
14000US36061021600,6647,2126,970,1156
14000US36061021703,11,0,0,0
14000US36061021800,4821,1415,627,788
14000US36061021900,4215,1793,690,1103
14000US36061022000,4431,1647,829,818
14000US36061022102,1992,613,506,107
14000US36061022200,2593,776,376,400
14000US36061022301,4368,3924,2085,1839
14000US36061022302,1735,1440,804,636
14000US36061022400,6148,1438,623,815
14000US36061022500,6646,3688,2172,1516
14000US36061022600,4117,837,333,504
14000US36061022700,3807,1411,614,797
14000US36061022800,5117,1045,535,510
14000US36061022900,5697,3508,1338,2170
14000US36061023000,6226,2491,1377,1114
14000US36061023100,4503,2304,1081,1223
14000US36061023200,6749,2320,884,1436
14000US36061023300,4441,2779,1290,1489
14000US36061023400,3614,1458,633,825
14000US36061023501,4783,2261,951,1310
14000US36061023502,1430,556,226,330
14000US36061023600,6770,991,558,433
14000US36061023700,3512,3170,1777,1393
14000US36061023801,2843,3511,1012,2499
14000US36061023802,3343,2743,534,2209
14000US36061023900,1436,1345,574,771
14000US36061024000,1657,352,194,158
14000US36061024100,4562,4118,2068,2050
14000US36061024200,3896,1107,407,700
14000US36061024301,2874,1784,665,1119
14000US36061024302,5555,2201,1389,812
14000US36061024500,7955,6762,3281,3481
14000US36061024700,3576,3727,1945,1782
14000US36061024900,588,459,280,179
14000US36061025100,1511,1324,643,681
14000US36061025300,7131,6441,3227,3214
14000US36061025500,3557,2442,1622,820
14000US36061025700,3527,1098,580,518
14000US36061025900,2587,1144,705,439
14000US36061026100,5793,7352,3486,3866
14000US36061026300,4443,4734,2400,2334
14000US36061026500,4887,3064,1962,1102
14000US36061026700,1382,612,300,312
14000US36061026900,3650,5336,2810,2526
14000US36061027100,4228,4578,2211,2367
14000US36061027300,5401,1524,874,650
14000US36061027500,2467,903,647,256
14000US36061027700,3567,2971,1903,1068
14000US36061027900,5489,6564,3444,3120
14000US36061028100,2508,908,551,357
14000US36061028300,3870,4079,2096,1983
14000US36061028500,3890,4017,2042,1975
14000US36061028700,2370,1861,1036,825
14000US36061029100,6054,6111,2856,3255
14000US36061029300,4530,4867,2384,2483
14000US36061029500,5258,2924,1631,1293
14000US36061029700,15,7,2,5
14000US36061029900,2155,1582,1227,355
14000US36061030300,2631,1904,962,942
14000US36061030700,2964,956,671,285
14000US36061030900,6283,4310,2214,2096
14000US36061031100,0,0,0,0
14000US36061031703,4152,1631,571,1060
14000US36061031704,6982,3242,1673,1569
14000US36061031900,0,0,0,0
14000US36081000100,6029,3476,1290,2186
14000US36081000200,1679,1340,672,668
14000US36081000400,1995,2481,1384,1097
14000US36081000600,2046,2061,1127,934
14000US36081000700,4592,1744,984,760
14000US36081000800,1589,1604,1023,581
14000US36081001000,2015,2603,1211,1392
14000US36081001200,1854,1724,1036,688
14000US36081001400,2465,1843,1102,741
14000US36081001600,1264,1156,836,320
14000US36081001800,1416,1380,768,612
14000US36081001900,2596,1762,698,1064
14000US36081002000,713,1008,696,312
14000US36081002200,1171,1143,664,479
14000US36081002400,1155,1227,762,465
14000US36081002500,4676,2126,1629,497
14000US36081002600,1216,1056,481,575
14000US36081002800,1730,1843,924,919
14000US36081003000,747,777,523,254
14000US36081003100,685,459,304,155
14000US36081003200,808,956,689,267
14000US36081003300,1973,1596,655,941
14000US36081003400,1534,1078,679,399
14000US36081003600,1682,1902,875,1027
14000US36081003700,0,0,0,0
14000US36081003800,1477,1280,648,632
14000US36081003900,909,530,235,295
14000US36081004001,1347,1018,642,376
14000US36081004002,856,603,410,193
14000US36081004200,1796,2220,1428,792
14000US36081004300,1734,549,280,269
14000US36081004401,1866,1866,1115,751
14000US36081004500,2013,1181,894,287
14000US36081004700,2616,1049,645,404
14000US36081005000,39,10,10,0
14000US36081005100,703,1163,662,501
14000US36081005200,1484,1333,859,474
14000US36081005300,3052,2040,1048,992
14000US36081005400,3537,2325,1640,685
14000US36081005500,461,491,249,242
14000US36081005700,2494,1718,868,850
14000US36081005800,4011,2344,1668,676
14000US36081005900,2398,1659,908,751
14000US36081006100,3437,2111,1186,925
14000US36081006201,4494,1099,828,271
14000US36081006202,4976,1483,1197,286
14000US36081006300,3789,1901,1073,828
14000US36081006501,2194,1256,624,632
14000US36081006502,2214,1280,811,469
14000US36081006900,2349,1350,709,641
14000US36081007100,1933,1411,822,589
14000US36081007300,2286,1647,733,914
14000US36081007500,2461,1498,1023,475
14000US36081007700,1165,691,272,419
14000US36081007900,1366,1319,789,530
14000US36081008100,690,579,214,365
14000US36081008300,1312,1097,616,481
14000US36081008500,475,408,213,195
14000US36081008600,1788,1058,651,407
14000US36081008700,2936,1116,704,412
14000US36081008800,2299,1364,907,457
14000US36081009100,1306,997,509,488
14000US36081009400,1145,1624,1109,515
14000US36081009500,1504,772,438,334
14000US36081009600,1537,1985,1508,477
14000US36081009700,2532,1161,759,402
14000US36081009800,752,1953,1124,829
14000US36081009900,0,0,0,0
14000US36081010000,1222,2464,1588,876
14000US36081010100,1647,735,521,214
14000US36081010200,1125,1692,1143,549
14000US36081010300,2604,1532,1004,528
14000US36081010400,1109,1905,1234,671
14000US36081010500,2302,2220,1428,792
14000US36081010600,1156,2577,1487,1090
14000US36081010701,0,0,0,0
14000US36081010800,1142,2222,1315,907
14000US36081011000,1053,2181,1356,825
14000US36081011100,2062,1054,625,429
14000US36081011200,1015,1264,881,383
14000US36081011300,2405,2058,1277,781
14000US36081011400,658,645,384,261
14000US36081011500,1697,741,504,237
14000US36081011600,736,1244,779,465
14000US36081011700,2335,1239,808,431
14000US36081011800,949,1573,877,696
14000US36081011900,919,490,281,209
14000US36081012000,942,1423,813,610
14000US36081012100,1494,540,411,129
14000US36081012200,1177,1951,1115,836
14000US36081012301,1805,977,578,399
14000US36081012400,1613,1761,1115,646
14000US36081012500,953,809,487,322
14000US36081012601,1240,1510,722,788
14000US36081012602,1410,1382,876,506
14000US36081012800,1281,1099,711,388
14000US36081013000,992,696,441,255
14000US36081013200,1348,917,506,411
14000US36081013400,3071,1607,1160,447
14000US36081013500,886,420,326,94
14000US36081013600,1362,512,402,110
14000US36081013700,1153,620,485,135
14000US36081013800,1761,1847,1232,615
14000US36081014000,2453,1313,835,478
14000US36081014100,999,637,361,276
14000US36081014201,2026,2308,1078,1230
14000US36081014202,1194,1662,824,838
14000US36081014300,2020,1752,901,851
14000US36081014400,913,1002,569,433
14000US36081014500,1355,1057,615,442
14000US36081014700,1829,939,690,249
14000US36081014800,632,1087,727,360
14000US36081014900,1083,759,431,328
14000US36081015000,731,2168,1306,862
14000US36081015100,1562,1051,738,313
14000US36081015200,1139,1683,972,711
14000US36081015300,1051,882,575,307
14000US36081015400,546,1624,1068,556
14000US36081015500,1482,876,483,393
14000US36081015600,1062,1846,1278,568
14000US36081015700,574,731,348,383
14000US36081015801,1580,2166,1468,698
14000US36081015802,1572,3300,2365,935
14000US36081015900,2033,1389,680,709
14000US36081016100,1108,1189,605,584
14000US36081016300,2360,1159,571,588
14000US36081016400,1304,2482,1803,679
14000US36081016600,1804,2180,1799,381
14000US36081016800,1551,1706,1282,424
14000US36081016900,3017,2666,1092,1574
14000US36081017000,861,1761,1189,572
14000US36081017100,38,13,0,13
14000US36081017200,1030,883,704,179
14000US36081017400,958,1327,852,475
14000US36081017600,1246,889,713,176
14000US36081017800,1350,907,650,257
14000US36081017900,493,526,158,368
14000US36081018000,740,588,392,196
14000US36081018101,1887,1610,671,939
14000US36081018102,2017,1294,623,671
14000US36081018200,1390,1109,757,352
14000US36081018300,3410,2654,1236,1418
14000US36081018401,1476,638,445,193
14000US36081018402,1579,852,591,261
14000US36081018501,1898,1284,688,596
14000US36081018502,1788,1579,718,861
14000US36081018600,1342,527,306,221
14000US36081018700,1340,1729,836,893
14000US36081018800,872,577,351,226
14000US36081018900,1472,1664,1022,642
14000US36081019000,1327,1128,721,407
14000US36081019200,1172,797,583,214
14000US36081019400,1787,1105,775,330
14000US36081019600,1386,1664,1038,626
14000US36081019800,1427,1490,799,691
14000US36081019900,537,160,92,68
14000US36081020200,983,779,542,237
14000US36081020400,1063,1287,610,677
14000US36081020500,629,547,271,276
14000US36081020600,745,1110,512,598
14000US36081020800,1627,1509,912,597
14000US36081021200,1126,1308,640,668
14000US36081021400,2837,4147,2264,1883
14000US36081021600,2336,1787,1084,703
14000US36081021900,0,0,0,0
14000US36081022001,3330,2942,1808,1134
14000US36081022002,3465,3663,2313,1350
14000US36081022900,0,0,0,0
14000US36081023000,966,1088,714,374
14000US36081023200,2637,3007,1979,1028
14000US36081023500,2559,5207,1313,3894
14000US36081023600,1077,2066,1123,943
14000US36081023800,1451,3065,1361,1704
14000US36081024000,2721,4105,2079,2026
14000US36081024300,2212,2876,1277,1599
14000US36081024500,2470,1952,911,1041
14000US36081024600,0,0,0,0
14000US36081024700,462,1004,253,751
14000US36081024900,1745,3093,1304,1789
14000US36081025100,2473,3138,1736,1402
14000US36081025301,2069,2317,656,1661
14000US36081025302,1488,1558,492,1066
14000US36081025400,6197,3921,1898,2023
14000US36081025500,679,845,362,483
14000US36081025700,647,853,370,483
14000US36081025800,1326,935,689,246
14000US36081025900,1183,2303,710,1593
14000US36081026000,1783,974,642,332
14000US36081026100,2182,4326,805,3521
14000US36081026200,747,523,399,124
14000US36081026300,2489,3368,1509,1859
14000US36081026400,1425,1076,742,334
14000US36081026500,969,2753,719,2034
14000US36081026600,1110,635,509,126
14000US36081026700,1661,3692,1680,2012
14000US36081026901,1136,3829,1474,2355
14000US36081026902,1201,2402,1099,1303
14000US36081027000,1454,736,400,336
14000US36081027100,2681,5747,2516,3231
14000US36081027200,1136,834,464,370
14000US36081027300,2786,4330,1390,2940
14000US36081027400,1056,662,475,187
14000US36081027500,2234,4586,1875,2711
14000US36081027600,826,516,389,127
14000US36081027700,2795,4952,1779,3173
14000US36081027800,1895,444,283,161
14000US36081027900,2313,3907,1850,2057
14000US36081028000,918,752,545,207
14000US36081028100,2526,2487,1416,1071
14000US36081028200,1222,672,447,225
14000US36081028300,3256,4252,1614,2638
14000US36081028400,2633,1533,1048,485
14000US36081028500,2793,2194,1279,915
14000US36081028700,2749,3544,1645,1899
14000US36081028800,2769,1847,1186,661
14000US36081028900,1999,3159,1389,1770
14000US36081029100,1702,4666,1970,2696
14000US36081029300,396,694,313,381
14000US36081029400,4681,2319,1754,565
14000US36081029500,1749,1853,1002,851
14000US36081029700,1006,1032,546,486
14000US36081029900,0,0,0,0
14000US36081030600,3056,1704,1317,387
14000US36081030902,2925,3665,2018,1647
14000US36081030903,2398,3324,2050,1274
14000US36081030904,1758,1421,969,452
14000US36081031700,3513,2055,1587,468
14000US36081032000,3393,1537,1216,321
14000US36081032700,1410,2292,1323,969
14000US36081032800,1524,1245,689,556
14000US36081032900,1321,1923,1238,685
14000US36081033000,4841,2351,1743,608
14000US36081033100,0,0,0,0
14000US36081033401,2424,1343,959,384
14000US36081033402,9503,3351,2990,361
14000US36081033700,1245,1754,986,768
14000US36081033900,1177,1500,855,645
14000US36081034700,1116,1850,1304,546
14000US36081035100,1543,2194,1504,690
14000US36081035200,1790,990,822,168
14000US36081035300,848,1425,828,597
14000US36081035700,2189,1521,864,657
14000US36081035800,2400,1779,1139,640
14000US36081036100,907,1331,646,685
14000US36081036300,864,907,371,536
14000US36081036500,1262,1730,588,1142
14000US36081036600,1912,819,598,221
14000US36081036700,1240,938,522,416
14000US36081036800,1675,820,648,172
14000US36081037100,672,663,445,218
14000US36081037300,1162,1093,516,577
14000US36081037500,1739,2377,912,1465
14000US36081037600,4036,2085,1585,500
14000US36081037700,1484,2136,595,1541
14000US36081037900,2381,4470,1316,3154
14000US36081038100,2697,4519,1427,3092
14000US36081038301,0,0,0,0
14000US36081038302,0,0,0,0
14000US36081038400,1294,1117,707,410
14000US36081039400,1789,1197,744,453
14000US36081039800,1068,607,523,84
14000US36081039900,1661,2201,612,1589
14000US36081040000,952,577,434,143
14000US36081040100,2792,4894,1374,3520
14000US36081040200,1148,492,352,140
14000US36081040300,2657,4667,1420,3247
14000US36081040400,2697,1441,1158,283
14000US36081040500,1199,2178,552,1626
14000US36081040700,3445,5664,1447,4217
14000US36081040900,1979,3581,907,2674
14000US36081041100,1287,2488,784,1704
14000US36081041300,1765,2931,692,2239
14000US36081041400,3249,1302,661,641
14000US36081041500,1643,2715,1113,1602
14000US36081042400,1726,688,524,164
14000US36081042600,404,73,61,12
14000US36081042700,1891,3064,790,2274
14000US36081043200,967,277,216,61
14000US36081043400,1040,755,482,273
14000US36081043701,1311,1375,645,730
14000US36081043702,2940,4185,2112,2073
14000US36081043900,1150,2460,766,1694
14000US36081044000,2531,1449,845,604
14000US36081044301,1653,2066,1009,1057
14000US36081044302,1606,2470,1437,1033
14000US36081044400,1177,2352,1058,1294
14000US36081044601,1426,1935,1192,743
14000US36081044602,2165,2796,1704,1092
14000US36081044800,1128,1681,797,884
14000US36081045000,973,1194,827,367
14000US36081045200,644,691,410,281
14000US36081045400,1910,2869,2162,707
14000US36081045500,7314,6970,3979,2991
14000US36081045600,574,872,638,234
14000US36081045700,1128,2153,1282,871
14000US36081045800,956,1392,887,505
14000US36081045900,1371,2348,1099,1249
14000US36081046000,2153,3896,1987,1909
14000US36081046100,815,1649,625,1024
14000US36081046200,2581,4326,2376,1950
14000US36081046300,1165,2671,1154,1517
14000US36081046400,1010,989,472,517
14000US36081046500,1459,2713,1150,1563
14000US36081046600,1663,2219,1411,808
14000US36081046700,2115,3780,2004,1776
14000US36081046800,970,2370,1534,836
14000US36081046900,2630,5577,3014,2563
14000US36081047000,1011,2186,1556,630
14000US36081047100,1342,2978,1519,1459
14000US36081047200,1665,1999,1521,478
14000US36081047300,1384,2944,1555,1389
14000US36081047500,1443,2858,1381,1477
14000US36081047600,716,703,598,105
14000US36081047800,2240,2685,1774,911
14000US36081047900,1706,3409,1809,1600
14000US36081048000,655,1638,1303,335
14000US36081048100,2123,4311,2412,1899
14000US36081048200,627,800,644,156
14000US36081048300,1417,2471,1223,1248
14000US36081048400,1996,3144,2289,855
14000US36081048500,1213,3153,1675,1478
14000US36081048900,670,940,266,674
14000US36081049200,2639,2805,1825,980
14000US36081049301,1112,1097,656,441
14000US36081049302,1858,1210,563,647
14000US36081049500,1050,465,277,188
14000US36081049600,1410,1736,1386,350
14000US36081049700,1733,1398,685,713
14000US36081049900,2195,3065,1857,1208
14000US36081050000,2341,1938,1064,874
14000US36081050201,888,496,278,218
14000US36081050202,898,523,350,173
14000US36081050400,976,842,506,336
14000US36081050500,845,684,388,296
14000US36081050600,840,581,469,112
14000US36081050700,2197,1905,1235,670
14000US36081050800,1280,728,377,351
14000US36081051000,1290,526,423,103
14000US36081051100,1285,1005,681,324
14000US36081051200,1381,1131,780,351
14000US36081051300,1408,1031,508,523
14000US36081051500,2151,1295,720,575
14000US36081051600,1189,994,619,375
14000US36081051700,1211,796,526,270
14000US36081051800,1354,827,664,163
14000US36081052000,619,791,563,228
14000US36081052100,1521,732,447,285
14000US36081052200,1215,545,452,93
14000US36081052400,1307,681,497,184
14000US36081052500,1529,1014,621,393
14000US36081052600,1125,808,551,257
14000US36081052800,883,551,375,176
14000US36081053000,1468,1005,642,363
14000US36081053100,1996,1421,783,638
14000US36081053200,1277,719,420,299
14000US36081053401,1149,976,699,277
14000US36081053500,976,456,119,337
14000US36081053601,1219,880,564,316
14000US36081053800,988,793,491,302
14000US36081053900,2492,1941,1194,747
14000US36081054000,2144,2146,1232,914
14000US36081054200,2341,2396,1902,494
14000US36081054500,2243,1796,560,1236
14000US36081054700,2868,2180,994,1186
14000US36081054800,836,1518,1207,311
14000US36081054900,3036,3401,1065,2336
14000US36081055100,2744,1500,628,872
14000US36081055200,1290,1665,959,706
14000US36081055300,1730,1056,492,564
14000US36081055400,1263,1267,842,425
14000US36081055500,1360,975,419,556
14000US36081055600,1150,1132,853,279
14000US36081055700,2875,1400,750,650
14000US36081055800,801,901,728,173
14000US36081055900,738,446,203,243
14000US36081056000,937,872,627,245
14000US36081056100,5,12,4,8
14000US36081056200,881,750,616,134
14000US36081056400,530,648,446,202
14000US36081056500,967,602,354,248
14000US36081056600,603,713,525,188
14000US36081056700,3093,2082,1168,914
14000US36081056800,2603,2436,2022,414
14000US36081057700,2509,1660,1079,581
14000US36081057900,1050,593,227,366
14000US36081058000,2773,1367,855,512
14000US36081058100,1901,1147,713,434
14000US36081058200,2677,2161,1801,360
14000US36081058300,2320,1416,966,450
14000US36081058500,2575,1889,1064,825
14000US36081058700,1528,2022,1105,917
14000US36081058900,2865,2431,1032,1399
14000US36081059000,921,545,420,125
14000US36081059100,3641,2095,978,1117
14000US36081059200,981,535,364,171
14000US36081059300,2173,2044,1173,871
14000US36081059400,1003,765,606,159
14000US36081059500,3175,2358,1248,1110
14000US36081059600,679,593,429,164
14000US36081059800,901,897,505,392
14000US36081059900,790,465,339,126
14000US36081060000,724,378,301,77
14000US36081060100,1277,1047,704,343
14000US36081060300,1294,801,489,312
14000US36081060600,678,673,528,145
14000US36081060701,14,0,0,0
14000US36081060800,944,620,468,152
14000US36081061000,1147,404,347,57
14000US36081061200,1437,585,489,96
14000US36081061301,3393,2349,1505,844
14000US36081061302,0,0,0,0
14000US36081061400,801,613,474,139
14000US36081061601,1457,688,583,105
14000US36081061602,608,510,425,85
14000US36081061800,1276,520,422,98
14000US36081061900,1638,1045,615,430
14000US36081062000,868,563,488,75
14000US36081062100,1826,1070,658,412
14000US36081062200,1413,670,563,107
14000US36081062300,1542,704,517,187
14000US36081062400,0,0,0,0
14000US36081062500,1780,912,536,376
14000US36081062600,1733,1072,747,325
14000US36081062700,1837,1107,535,572
14000US36081062900,1987,1047,623,424
14000US36081063000,1062,441,328,113
14000US36081063200,1685,916,687,229
14000US36081063301,1324,380,205,175
14000US36081063302,1275,200,146,54
14000US36081063500,1944,607,458,149
14000US36081063700,2754,678,395,283
14000US36081063800,2054,1462,1154,308
14000US36081063900,2026,1017,629,388
14000US36081064101,1353,1035,831,204
14000US36081064102,0,0,0,0
14000US36081064500,1377,550,383,167
14000US36081064600,1752,1224,933,291
14000US36081065000,1663,1079,805,274
14000US36081065400,2339,1443,1168,275
14000US36081065501,0,0,0,0
14000US36081065600,2824,2142,1566,576
14000US36081065702,1164,638,349,289
14000US36081065703,2027,719,474,245
14000US36081065900,1362,522,418,104
14000US36081066000,1956,1362,1110,252
14000US36081066100,1232,415,300,115
14000US36081066300,1853,918,778,140
14000US36081066400,5675,4305,3248,1057
14000US36081066501,2967,1182,957,225
14000US36081066701,2019,781,540,241
14000US36081066900,1278,364,186,178
14000US36081067100,1603,852,661,191
14000US36081067700,1338,545,357,188
14000US36081067900,2089,2255,1212,1043
14000US36081068000,3419,1880,1555,325
14000US36081068200,512,482,316,166
14000US36081068300,1254,2716,1888,828
14000US36081068700,1506,2682,1767,915
14000US36081069000,2175,1577,997,580
14000US36081069300,1438,1713,1007,706
14000US36081069400,1808,1647,955,692
14000US36081069500,1051,1160,857,303
14000US36081069701,1993,2329,1340,989
14000US36081069702,1547,1971,1534,437
14000US36081070300,1191,912,667,245
14000US36081070700,1477,1070,818,252
14000US36081070900,1502,1367,948,419
14000US36081071100,3953,2495,1871,624
14000US36081071303,3142,2289,1581,708
14000US36081071304,2397,3657,2927,730
14000US36081071305,2525,2337,1045,1292
14000US36081071306,3155,3206,2047,1159
14000US36081071600,0,0,0,0
14000US36081071701,1813,2992,1714,1278
14000US36081071702,1343,2572,1653,919
14000US36081071900,855,1583,1182,401
14000US36081072100,1829,2750,1935,815
14000US36081072300,1244,806,658,148
14000US36081072900,667,770,544,226
14000US36081073100,958,549,340,209
14000US36081073700,1391,539,305,234
14000US36081073900,3350,2075,1420,655
14000US36081074100,1752,1308,984,324
14000US36081074300,1798,2284,1649,635
14000US36081074500,1613,2401,1250,1151
14000US36081074700,1510,2195,1375,820
14000US36081074900,1109,320,196,124
14000US36081075701,2688,2334,1589,745
14000US36081075702,2960,1938,1208,730
14000US36081076901,2707,1700,1155,545
14000US36081076902,614,572,424,148
14000US36081077300,1123,970,678,292
14000US36081077500,1091,1143,900,243
14000US36081077902,3567,1262,970,292
14000US36081077903,1723,1443,1195,248
14000US36081077904,3282,2499,1846,653
14000US36081077905,1540,1086,854,232
14000US36081077906,1709,1679,967,712
14000US36081077907,2571,929,544,385
14000US36081077908,2262,1498,768,730
14000US36081078800,1112,753,421,332
14000US36081079000,1404,1229,675,554
14000US36081079200,1343,1071,680,391
14000US36081079300,0,0,0,0
14000US36081079701,1964,4712,2658,2054
14000US36081079702,1352,3150,1444,1706
14000US36081079900,984,2117,922,1195
14000US36081080301,1398,2461,1226,1235
14000US36081080302,1404,2072,1241,831
14000US36081080900,4499,2741,1636,1105
14000US36081081400,2530,1587,1078,509
14000US36081081800,2190,1719,1116,603
14000US36081083700,1661,3622,1830,1792
14000US36081083800,2568,2692,1952,740
14000US36081084000,2725,3302,2305,997
14000US36081084500,1535,3328,1592,1736
14000US36081084601,1685,1583,1272,311
14000US36081084602,540,385,261,124
14000US36081084900,1646,5263,1616,3647
14000US36081085300,1409,4154,2131,2023
14000US36081085500,2156,4616,1907,2709
14000US36081085700,1402,3769,1552,2217
14000US36081085900,1522,3970,2019,1951
14000US36081086100,464,1568,869,699
14000US36081086300,1827,4786,2233,2553
14000US36081086400,1380,1347,722,625
14000US36081086500,920,3391,1053,2338
14000US36081086900,271,1500,341,1159
14000US36081087100,1005,1638,653,985
14000US36081088400,7151,1194,906,288
14000US36081088901,4185,5441,2826,2615
14000US36081089200,6579,1337,1155,182
14000US36081090700,882,552,333,219
14000US36081091601,3546,128,127,1
14000US36081091602,0,0,0,0
14000US36081091800,11,0,0,0
14000US36081091900,2247,3062,1402,1660
14000US36081092200,1773,247,239,8
14000US36081092500,1665,1805,767,1038
14000US36081092800,3239,355,287,68
14000US36081092900,3772,3264,1405,1859
14000US36081093401,3444,290,197,93
14000US36081093402,3647,756,411,345
14000US36081093800,4122,901,589,312
14000US36081093900,3205,2094,1306,788
14000US36081094201,2110,1126,590,536
14000US36081094202,3667,1139,669,470
14000US36081094203,4122,2480,1918,562
14000US36081094500,2292,1362,943,419
14000US36081094700,1163,1039,700,339
14000US36081095400,3940,2105,1498,607
14000US36081096400,4149,2424,1589,835
14000US36081097202,2713,347,229,118
14000US36081097203,5466,1890,1288,602
14000US36081097204,2537,1347,840,507
14000US36081097300,1218,545,497,48
14000US36081098100,1400,836,669,167
14000US36081098700,1918,516,432,84
14000US36081099100,5080,2124,1674,450
14000US36081099200,2896,1443,911,532
14000US36081099701,2048,874,652,222
14000US36081099703,2459,1287,1017,270
14000US36081099704,4925,1922,1498,424
14000US36081099705,1364,1106,815,291
14000US36081099801,5237,3355,2169,1186
14000US36081099802,4683,1739,1171,568
14000US36081099900,0,0,0,0
14000US36081100801,1857,668,495,173
14000US36081100802,5550,3426,2308,1118
14000US36081101001,8988,3265,1887,1378
14000US36081101002,3814,545,493,52
14000US36081101700,4193,1812,1098,714
14000US36081102900,2364,1234,918,316
14000US36081103201,4281,2228,1256,972
14000US36081103202,5861,2260,740,1520
14000US36081103300,2705,1872,1244,628
14000US36081103900,3448,2835,1752,1083
14000US36081104700,2888,3867,2276,1591
14000US36081105900,2327,1580,1268,312
14000US36081107201,2133,187,133,54
14000US36081107202,0,0,0,0
14000US36081108500,1416,921,582,339
14000US36081109300,1600,1337,1072,265
14000US36081109700,1047,551,452,99
14000US36081109900,1554,1504,904,600
14000US36081111300,1713,813,647,166
14000US36081112300,1345,713,390,323
14000US36081112900,1372,713,563,150
14000US36081113300,1125,478,332,146
14000US36081113900,1740,1616,901,715
14000US36081114100,1387,975,709,266
14000US36081114700,1060,666,564,102
14000US36081115100,550,365,333,32
14000US36081115500,942,1208,571,637
14000US36081115700,1033,2174,1279,895
14000US36081115900,1293,2963,1686,1277
14000US36081116100,965,3336,1572,1764
14000US36081116300,2338,7008,2633,4375
14000US36081116700,473,1203,571,632
14000US36081117100,832,1527,769,758
14000US36081117500,2336,2494,1537,957
14000US36081118100,752,778,422,356
14000US36081118500,629,1349,573,776
14000US36081118700,910,1574,816,758
14000US36081118900,565,1485,778,707
14000US36081119100,994,1991,1034,957
14000US36081119300,874,1104,641,463
14000US36081119500,893,560,291,269
14000US36081119900,631,886,413,473
14000US36081120100,521,1038,469,569
14000US36081120300,429,1144,499,645
14000US36081120500,647,1921,835,1086
14000US36081120700,1577,1520,865,655
14000US36081121100,0,0,0,0
14000US36081121500,1959,2488,1437,1051
14000US36081122300,1637,1801,1172,629
14000US36081122701,7599,3757,2441,1316
14000US36081122702,5064,2455,1369,1086
14000US36081124100,1717,1949,1388,561
14000US36081124700,1730,1778,1143,635
14000US36081125700,1730,1518,897,621
14000US36081126500,922,821,679,142
14000US36081126700,3303,1413,1106,307
14000US36081127700,1933,1682,1351,331
14000US36081128300,0,0,0,0
14000US36081129102,2294,1618,1376,242
14000US36081129103,2804,1083,895,188
14000US36081129104,3099,1356,1027,329
14000US36081130100,2598,1606,1471,135
14000US36081133300,2101,1795,1400,395
14000US36081133900,776,526,486,40
14000US36081134100,1589,1769,1283,486
14000US36081134700,5259,5685,3185,2500
14000US36081136700,3005,2841,1736,1105
14000US36081137700,3575,3548,2595,953
14000US36081138501,2265,2352,1589,763
14000US36081138502,31,8,8,0
14000US36081139900,866,800,627,173
14000US36081140300,1023,1321,1005,316
14000US36081140901,530,460,338,122
14000US36081140902,1230,1557,930,627
14000US36081141700,2426,2445,1990,455
14000US36081142900,1885,1875,1246,629
14000US36081143500,1332,1120,666,454
14000US36081144100,1626,1036,790,246
14000US36081144700,1564,1545,857,688
14000US36081145101,585,542,404,138
14000US36081145102,1116,1348,795,553
14000US36081145900,1316,1493,847,646
14000US36081146300,1738,1241,893,348
14000US36081146700,1568,1051,563,488
14000US36081147100,1781,1450,961,489
14000US36081147900,3023,1503,1020,483
14000US36081148300,2079,821,682,139
14000US36081150701,2064,972,818,154
14000US36081150702,1688,1379,1024,355
14000US36081152901,3888,3028,2464,564
14000US36081152902,3013,1942,1378,564
14000US36081155101,1565,194,194,0
14000US36081155102,6240,2689,1854,835
14000US36081156700,1018,596,283,313
14000US36081157101,4216,4190,2831,1359
14000US36081157102,1059,1235,861,374
14000US36081157901,2629,2444,1967,477
14000US36081157902,2086,2043,1702,341
14000US36081157903,2488,2253,1752,501
14000US36081161700,3214,1548,871,677
14000US36081162100,3383,2980,1970,1010
14000US36081990100,0,0,0,0